ratios: [0.5, 1, 2]
scales: [1, 1.2599210498948732, 1.5874010519681994]
sizes: [32, 64, 128, 256, 512]
strides: [8, 16, 32, 64, 128]
